100
4,
10
0,1.764,-0.5069999999999999
1,-0.3500000000000001,0.637
2,1.897,1.989
3,-0.2679999999999998,-2.326
4,-1.665,0.8559999999999999
5,0.903,-0.839
6,-1.736,-0.766
7,-2.433,0.6339999999999999
8,1.428,-0.1230000000000002
9,2.075,-2.067
10,-1.998,0.9159999999999999
11,2.323,2.203
12,1.928,1.05
13,0.5270000000000001,-0.8169999999999999
14,-0.794,-0.647
15,-2.466,1.516
16,-1.657,0.7690000000000001
17,-0.4049999999999998,-0.1890000000000001
18,-0.6559999999999999,-1.32
19,2.309,1.158
20,-1.968,2.018
21,2.255,1.015
22,0.9369999999999998,-0.5029999999999999
23,1.134,-2.484
24,-1.914,-1.403
25,0.6240000000000001,0.6619999999999999
26,2.323,1.374
27,-0.371,-1.299
28,1.456,0.6059999999999999
29,-1.935,-0.9590000000000001
30,2.143,-1.893
31,-0.746,-0.4430000000000001
32,2.279,1.935
33,-1.034,1.981
34,2.397,-1.158
35,1.789,0.09100000000000019
36,1.785,2.423
37,-1.666,-1.208
38,-1.67,-2.24
39,-1.21,-1.97
40,1.868,1.876
41,1.299,-2.287
42,0.007000000000000117,1.983
43,1.699,-0.6399999999999999
44,0.601,1.509
45,-2.087,-1.162
46,2.406,-1.94
47,0.7869999999999999,2.348
48,1.579,0.9369999999999998
49,1.962,1.884
50,-2.184,-0.9830000000000001
51,0.7440000000000002,-0.2450000000000001
52,0.03100000000000014,-2.147
53,1.627,1.145
54,-0.25,-1.157
55,0.4740000000000002,-0.915
56,-0.2080000000000002,-0.798
57,-1.033,-2.297
58,-2.306,-1.12
59,-0.6200000000000001,-2.482
60,1.899,-0.639
61,-2.37,-1.581
62,1.599,0.6219999999999999
63,0.4780000000000002,-2.296
64,0.875,1.348
65,-0.724,1.99
66,-1.169,1.346
67,-1.358,1.284
68,0.3159999999999998,-1.658
69,-1.193,-1.704
70,-0.1549999999999998,-1.942
71,2.398,-1.942
72,-2.075,-2.054
73,-0.891,2.229
74,2.317,-2.206
75,0.9569999999999999,-0.6120000000000001
76,-1.705,-2.311
77,0.4159999999999999,1.233
78,0.5870000000000002,1.435
79,-1.143,-1.964
80,-1.49,0.01900000000000013
81,-0.7569999999999999,2.486
82,-2.416,1.68
83,2.371,-1.332
84,0.4390000000000001,-1.192
85,1.259,2.45
86,-2.382,-0.09699999999999998
87,-0.8340000000000001,-1.448
88,-2.06,-1.512
89,0.637,-0.3999999999999999
90,0.7879999999999998,-0.6639999999999999
91,-1.453,-1.612
92,1.744,0.9510000000000001
93,0.5760000000000001,0.363
94,1.326,0.9929999999999999
95,1.655,1.825
96,2.239,-1.398
97,-1.175,-1.938
98,0.6699999999999999,0.3650000000000002
99,-2.474,2.086
